-0.0012368949135170364
0.0005913091062239808
0.2560374334492146
3.988412470141632
0.2560375076184378
0.0005913382487145715
-0.0012368687153490466
-0.0012425909157894326
-0.0012401271888156022
-0.0009566352420169614
0.002775611708206394
-0.0009566368046027835
-0.0012401321126109316
-0.0012426055830940092
-0.0012426148890692691
-0.0012426141879244715
-0.0012425432920619513
-0.001241676118915415
-0.001242543292858301
-0.0012426141908019584
-0.0012426149013258403
-0.0012426149043594243
-0.0012426149042838216
-0.0012426148972792485
-0.0012426148162628632
-0.00124261489727937
-0.001242614904284306
-0.001242614904362207