0.06836050956515034
0.06169535988254819
0.05568006229399976
0.05025125622033478
0.045351758738852166
0.04092996226181412
0.03693929094128725
0.03333771007451173
0.030087283342246838
0.02715377321637778
0.02450628032778094
0.02211691799582229
0.019960518491229606
0.018014367938334736
0.01625796706434708
0.014672815275573244
0.013242215786204844
0.011951099747049866
0.010785867521712499
0.009734245438345527
0.008785156508106842
0.007928603748566417
0.007155564883081188
0.006457897306980769
0.005828252319550146
0.0052599977183940055
0.0047471479408505894
0.004284301016617655
0.00386658166749743
0.0034895899549164306
0.003149354934312076
0.0028422928282166478
0.0025651692774655223
0.0023150652729126316
0.0020893464088036495
0.001885635133945292
0.0017017857083856246
0.0015358616018180244
0.0013861150956407658
0.0012509688738157906
0.0011289994086187503
0.001018921966278421
0.0009195770745662754
0.0008299183097960624
0.0007490012745909448
0.0006759736503183263
0.0006100662194122882
0.0005505847630195891
0.0004969027486251777
0.0004484547306342225
0.0004047303943973854
0.00036526918094364005
0.0003296554358016354
0.0002975140308109762
0.0002685064128069058
0.00024232703755823224
0.00021870015139630422
0.00019737688663516416
0.00017813264018823503
0.00016076470776988237
0.00014509014876231817
0.00013094385925799165
0.00011817683298033724
0.00010665459176475368
0.00009625576906769034
0.00008687083158359068
0.00007840092550419064
0.00007075683526753187
0.0000638580438289474
0.00005763188455562484
0.000052012775811450987
0.0000469415301698346